tor_rel_run_time.pdf
{"classic": [100.0, 100.0, 100.0, 100.0, 100.0, 100.0], "phantom-preload": [99.09013151519963, 107.68523726812118, 105.20119648424584, 102.85761717334294, 100.96105556594337, 100.44104799444888]}
tor_abs_run_time.pdf
{"classic": [6.233357072166667, 8.813369060361111, 13.063882716111111, 17.67529819088889, 22.277852649083336, 26.88301493677778], "phantom-preload": [6.023832450361112, 9.489113957861111, 13.744402342777779, 18.181093882333332, 22.49223275088889, 27.00190352322222]}
tor_rel_ram_used.pdf
{"classic": [100.0, 100.0, 100.0, 100.0, 100.0, 100.0], "phantom-preload": [90.44846002367568, 91.06945652954825, 91.5117894748493, 91.9343491286222, 92.08848946322537, 92.49347632356407]}
tor_abs_ram_used.pdf
{"classic": [177.67175102233887, 356.90377311706544, 540.1895053863525, 727.3992855072022, 918.7190525054932, 1115.9523975372315], "phantom-preload": [160.70125465393068, 325.03172874450684, 494.33662605285645, 668.7301109313964, 846.0336219787598, 1032.1835289001465]}
tor_rel_tput_pps.pdf
{"classic": [100.0, 100.0, 100.0, 100.0, 100.0, 100.0], "phantom-preload": [102.64517685396677, 94.42880584107782, 96.71112315257344, 98.8739345552433, 100.75073234956851, 101.33314523266586]}
tor_abs_tput_pps.pdf
{"classic": [298011.9390516431, 384423.2343154363, 389328.8885526814, 386320.54584639013, 384253.62142501655, 382098.8671384174], "phantom-preload": [298746.9033028261, 362950.8834787631, 376551.73040343996, 381984.0618299452, 387142.7086481922, 387197.32560770446]}
tor_rel_lat_ppus.pdf
{"classic": [100.0, 100.0, 100.0, 100.0, 100.0, 100.0], "phantom-preload": [97.4229896279198, 105.89988839665982, 103.40072241973446, 101.13889009254258, 99.2548616451107, 98.68439370987166]}
tor_abs_lat_ppus.pdf
{"classic": [3.7118950039782095, 2.602300180212534, 2.568588943765961, 2.588562512069358, 2.602507088199202, 2.6171548104341387], "phantom-preload": [3.527096835174766, 2.7554017352665916, 2.6561345994368346, 2.6181378566852707, 2.5831439874985676, 2.5827535237604207]}
